Filename, Sample in file (P-arrival), 3-D Event distace from well (km), Local magnitude, 
FORGE_78-32_iDASv3-P11_UTC190423150554.sgy 24169 3.636075 -0.578235
FORGE_78-32_iDASv3-P11_UTC190423182409.sgy 4210 4.141390 0.430612
FORGE_78-32_iDASv3-P11_UTC190423213209.sgy 1484 3.394402 0.910045
FORGE_78-32_iDASv3-P11_UTC190425042124.sgy 5559 2.123790 -1.238558
FORGE_78-32_iDASv3-P11_UTC190425062324.sgy 10103 10.567685 0.481657
FORGE_78-32_iDASv3-P11_UTC190426055953.sgy 5327 3.617766 -0.806659
FORGE_78-32_iDASv3-P11_UTC190426061538.sgy 8257 3.471298 -0.740330
FORGE_78-32_iDASv3-P11_UTC190426061538.sgy 23643 3.610443 -0.518243
FORGE_78-32_iDASv3-P11_UTC190426062038.sgy 431 3.343138 -0.778881
FORGE_78-32_iDASv3-P11_UTC190426062208.sgy 26090 3.573826 -0.077639
FORGE_78-32_iDASv3-P11_UTC190426062553.sgy 8934 3.614104 -0.815482
FORGE_78-32_iDASv3-P11_UTC190426062938.sgy 16500 3.628751 -0.812268
FORGE_78-32_iDASv3-P11_UTC190426063008.sgy 3453 3.577487 -0.326569
FORGE_78-32_iDASv3-P11_UTC190426063008.sgy 28968 3.324830 0.167063
FORGE_78-32_iDASv3-P11_UTC190426064623.sgy 23383 3.687300 -0.666822
FORGE_78-32_iDASv3-P11_UTC190426064823.sgy 28201 3.764234 -0.610409
FORGE_78-32_iDASv3-P11_UTC190426064838.sgy -1802 3.775219 -0.419802
FORGE_78-32_iDASv3-P11_UTC190426064853.sgy 18711 3.416372 -0.031106
FORGE_78-32_iDASv3-P11_UTC190426065238.sgy 17677 3.324830 -0.634220
FORGE_78-32_iDASv3-P11_UTC190426070723.sgy 24811 3.427357 -0.060838
FORGE_78-32_iDASv3-P11_UTC190426070753.sgy 6019 3.390740 -0.840097
FORGE_78-32_iDASv3-P11_UTC190426080738.sgy 16106 3.533547 -0.957233
FORGE_78-32_iDASv3-P11_UTC190426104023.sgy 18153 2.563195 -0.453452
FORGE_78-32_iDASv3-P11_UTC190426104923.sgy 5413 3.537209 -0.065126
FORGE_78-32_iDASv3-P11_UTC190426110008.sgy 4921 2.515592 -1.054935
FORGE_78-32_iDASv3-P11_UTC190426121338.sgy 25266 2.731633 -0.912832
FORGE_78-32_iDASv3-P11_UTC190427210753.sgy 28835 3.632413 -0.571079
FORGE_78-32_iDASv3-P11_UTC190427210808.sgy 20140 3.691000 -0.675742
FORGE_78-32_iDASv3-P11_UTC190427210823.sgy 17757 3.548194 -0.597071
FORGE_78-32_iDASv3-P11_UTC190427211323.sgy 797 3.467636 -0.005870
FORGE_78-32_iDASv3-P11_UTC190427213038.sgy 2313 3.504253 -0.803632
FORGE_78-32_iDASv3-P11_UTC190428002008.sgy 26678 3.570164 -0.196964
FORGE_78-32_iDASv3-P11_UTC190428002253.sgy 25362 3.548194 -0.929971
FORGE_78-32_iDASv3-P11_UTC190428053023.sgy 27731 3.149068 -0.579472
FORGE_78-32_iDASv3-P11_UTC190428070223.sgy -4527 8.590364 1.096625
FORGE_78-32_iDASv3-P11_UTC190428070308.sgy 19576 8.619657 1.649465
FORGE_78-32_iDASv3-P11_UTC190428072308.sgy 8695 3.423696 -0.157045
FORGE_78-32_iDASv3-P11_UTC190428072308.sgy 20095 3.405387 -0.112978
FORGE_78-32_iDASv3-P11_UTC190428074838.sgy 27594 3.698324 -0.365719
FORGE_78-32_iDASv3-P11_UTC190428075023.sgy 3322 3.540870 -0.381308
FORGE_78-32_iDASv3-P11_UTC190428075423.sgy 2273 3.515238 -0.505978
FORGE_78-32_iDASv3-P11_UTC190428083808.sgy 1439 8.751479 0.921501
FORGE_78-32_iDASv3-P11_UTC190428101138.sgy 14535 8.923579 1.022672
FORGE_78-32_iDASv3-P11_UTC190428175708.sgy 12364 3.379755 -0.087871
FORGE_78-32_iDASv3-P11_UTC190428175753.sgy 14302 3.409049 -0.241988
FORGE_78-32_iDASv3-P11_UTC190428175808.sgy 26750 3.361447 -0.207142
FORGE_78-32_iDASv3-P11_UTC190428180038.sgy 29515 3.427357 1.071424
FORGE_78-32_iDASv3-P11_UTC190428181038.sgy 2175 3.361447 -0.702937
FORGE_78-32_iDASv3-P11_UTC190429072123.sgy 21790 3.398064 -0.740614
FORGE_78-32_iDASv3-P11_UTC190429082353.sgy 11113 3.431019 -0.546561
FORGE_78-32_iDASv3-P11_UTC190429111653.sgy 8069 3.354123 -0.775947
FORGE_78-32_iDASv3-P11_UTC190429111708.sgy -521 3.346800 -0.653689
FORGE_78-32_iDASv3-P11_UTC190429141823.sgy 4137 3.939996 -0.613997
FORGE_78-32_iDASv3-P11_UTC190429233623.sgy 14137 3.152729 -0.626888
FORGE_78-32_iDASv3-P11_UTC190430113008.sgy 19458 10.567685 0.307923
FORGE_78-32_iDASv3-P11_UTC190430152053.sgy 2728 10.725139 0.515584
FORGE_78-32_iDASv3-P11_UTC190430220338.sgy 3786 3.647060 -0.621208
FORGE_78-32_iDASv3-P11_UTC190430222138.sgy 6817 6.287150 0.149593
FORGE_78-32_iDASv3-P11_UTC190430222138.sgy 6796 6.444604 -0.148162
FORGE_78-32_iDASv3-P11_UTC190430222708.sgy 19152 3.734941 -0.637395
FORGE_78-32_iDASv3-P11_UTC190430225308.sgy 9073 3.665368 -0.849446
FORGE_78-32_iDASv3-P11_UTC190430231438.sgy 15440 3.669030 0.090937
FORGE_78-32_iDASv3-P11_UTC190501034338.sgy 14270 10.717815 0.204153
FORGE_78-32_iDASv3-P11_UTC190501182638.sgy 15017 9.817035 0.631172
FORGE_78-32_iDASv3-P11_UTC190501220438.sgy 20229 8.513468 0.115585
FORGE_78-32_iDASv3-P11_UTC190502002838.sgy 6676 3.961967 -0.088337
FORGE_78-32_iDASv3-P11_UTC190502020423.sgy 17383 4.646706 -0.298953
FORGE_78-32_iDASv3-P11_UTC190502024438.sgy 15739 3.698324 0.065032
FORGE_78-32_iDASv3-P11_UTC190502033923.sgy -616 9.934210 0.553411
FORGE_78-32_iDASv3-P11_UTC190502041338.sgy 25295 8.777111 0.640701
FORGE_78-32_iDASv3-P11_UTC190502145523.sgy 23188 3.482283 0.034750
FORGE_78-32_iDASv3-P11_UTC190502145753.sgy -200 3.698324 -0.050531
FORGE_78-32_iDASv3-P11_UTC190502145753.sgy 16543 3.650721 -0.542128
FORGE_78-32_iDASv3-P11_UTC190502145853.sgy 25634 3.449328 0.101105
FORGE_78-32_iDASv3-P11_UTC190502150323.sgy 12941 3.449328 0.556644
FORGE_78-32_iDASv3-P11_UTC190503035008.sgy 25859 3.277227 -0.691156
FORGE_78-32_iDASv3-P11_UTC190503045723.sgy 6308 3.474960 -0.301591
FORGE_78-32_iDASv3-P11_UTC190424205909.sgy 5507 3.433900 -0.464917
FORGE_78-32_iDASv3-P11_UTC190426062438.sgy 5217 3.518100 -1.155608
FORGE_78-32_iDASv3-P11_UTC190428175823.sgy 22597 3.166700 -0.607334
FORGE_78-32_iDASv3-P11_UTC190428175908.sgy 27093 3.185000 -0.670027
FORGE_78-32_iDASv3-P11_UTC190428180508.sgy 7361 3.613300 -0.856649
